218360			03/18/2019-20:10		0	0	5	2	2	2	2	0	0
218360			03/17/2019				1	0	5	2	0	1	2	0	0
219318			03/18/2019-12:38		1	1	4	2	0	2	4	0	5
219706			03/18/2019-09:58		3	4	5	5	3	2	5	5	5
322011			03/22/2019-11:06		1	2	5	4	0	2	5	4	5
322017			05/03/2019-13:11		4	2	5	1	5	3	3	2	1
322022			03/22/2019-1:58pm		2	4	5	3	0	1	4	2	5
328011			04/15/2019-21:06		2	1	5	4	4	3	4	1	4
328015			04/12/2019-2:30PM		3	2	5	0	0	0	0	0	0
329019			05/05/2019-21			0	4	5	5	5	5	5	3	4
DM19194738		04/21/2019-23:39		3	3	5	3	2	2	1	1	2
DM19194729		04/19/2019-19:44		3	4	5	3	3	2	2	1	4
DMS19191442		04/23/2019				2	3	4	4	3	2	4	5	4
DMS191941048	04/22/2019-23:27		2	4	5	1	3	5	3	1	0
DMS191941114	04/22/2019-11:53		1	1	4	2	2	1	1	1	2
DMS191941256	04/26/2019-20:35pm		1	2	4	2	2	1	1	2	3
DMS19194712		04/19/2019-1:02pm		1	2	0	3	4	4	2	2	4
DMS19194721		04/19/19-10:29am		2	3	4	2	2	3	1	3	4
