218360			03/17/2019				5	2	5	2	3	2	4	3	3	3	3	3	3	3	3	3	3	3	3	3	3	3	3	3	3	3	5	5	5	5	5	5	4	4	5	5	5	5	3	5	3	3	5	4	5	4	5	4	5	4	3	3	3	3	4	3	3	3	3	4	4	4	4	3	4	3	3	3	4	3	4	3	3	3	3	3	4	3	3	3
219318			03/18/2019-02:30			5	3	5	3	5	3	5	3	5	4	5	3	5	3	5	3	5	3	5	3	5	3	5	3	3	3	5	5	5	5	5	4	5	4	5	3	5	3	5	3	5	5	5	3	5	3	5	3	5	4	5	3	5	3	5	3	5	3	5	5	5	5	5	3	5	3	5	5	5	5	5	5	5	5	5	3	5	3	5	4
219706			03/18/2019-11:48		5	5	5	5	5	5	5	5	5	3	5	3	5	5	5	3	5	5	5	5	5	4	5	5	5	5	5	5	5	5	5	5	5	5	5	5	5	5	5	3	5	5	5	3	5	5	5	5	5	5	5	5	5	5	5	5	5	5	5	5	5	5	5	5	5	5	5	3	5	5	5	3	5	5	5	5	5	5	5	5
322011			03/22/2019-11:19am		4	5	4	5	5	5	5	5	5	5	4	5	3	5	4	5	5	5	5	5	4	5	5	5	5	5	5	5	4	5	5	5	5	5	4	5	5	5	3	4	5	5	3	4	5	5	5	5	5	5	3	4	3	4	4	5	4	4	5	5	5	5	5	5	5	5	4	5	4	5	3	5	5	5	5	5	5	5	4	5
322017			04/12/2019-10:45AM		5	3	5	3	5	3	5	3	3	5	5	3	5	3	5	2	5	2	5	4	3	4	5	4	5	4	5	5	5	5	5	4	5	4	5	4	5	4	5	4	5	4	5	4	5	3	5	3	5	4	5	4	5	4	4	4	4	3	5	4	5	3	5	3	5	3	5	3	5	3	5	3	4	3	5	3	4	3	4	3
322017			05/03/2019-13:09		5	3	5	4	5	4	5	3	4	2	5	3	5	4	5	3	5	3	4	4	5	4	5	5	5	5	5	5	5	5	5	5	5	5	5	5	5	4	5	4	5	5	5	3	5	3	5	3	5	3	5	3	5	3	5	4	5	3	5	4	5	3	5	4	5	3	5	3	5	3	5	3	5	3	5	4	4	3	4	4
322022			03/22/2019-13:15pm		4	3	3	3	5	2	5	2	4	4	5	2	5	3	5	3	5	3	5	5	4	4	5	5	5	5	4	4	5	4	4	4	5	3	4	3	4	3	4	3	5	5	4	1	4	3	4	4	5	3	4	1	4	1	4	4	4	2	4	3	4	4	5	4	4	2	4	4	3	3	4	4	4	4	5	3	4	4	3	3
328011			04/15/2019-21:23		5	5	5	5	5	4	5	4	5	4	5	5	5	4	5	3	5	3	5	3	5	3	5	5	5	5	5	4	5	5	5	5	5	5	5	5	5	5	5	5	5	5	5	4	5	3	5	3	5	5	5	3	5	3	5	3	5	3	5	4	5	5	5	5	5	3	5	5	5	4	5	5	5	5	5	5	5	5	5	4
328015			04/12/2019-2:47PM		0	2	5	3	5	3	5	5	5	5	5	5	0	2	0	2	0	5	5	5	5	0	5	5	5	5	5	5	5	5	5	5	5	5	5	5	5	5	5	3	0	0	5	5	5	5	5	3	5	5	5	5	5	5	5	5	5	2	5	5	5	5	5	3	5	2	0	0	0	0	0	0	0	5	5	5	5	5	0	0
329019			05/05/2019-21			5	5	5	5	5	5	5	5	5	5	5	5	5	5	5	5	5	5	5	5	5	5	5	5	5	5	5	5	5	5	5	5	5	5	5	5	5	5	5	5	5	5	5	5	5	5	5	5	5	5	5	5	5	5	5	5	5	5	5	5	5	5	5	5	5	5	5	5	5	5	5	5	5	5	5	5	5	5	5	5
341018			05/06/2019-12:44pm		2	4	2	4	3	4	2	4	0	4	3	4	3	4	2	4	1	3	2	3	2	3	4	4	5	4	4	4	3	3	4	4	3	3	5	4	5	4	5	4	5	5	3	3	0	0	1	1	4	4	3	3	3	3	3	3	2	2	3	2	4	4	4	4	3	3	0	0	1	2	3	3	3	2	1	1	1	1	3	3
DM19194729		04/22/2019-00:05		2	3	2	3	2	3	3	3	3	3	2	2	3	4	3	3	2	3	3	3	3	3	4	4	4	4	2	3	3	3	4	4	3	3	3	3	4	3	3	3	4	3	3	3	4	3	3	3	4	4	3	4	3	4	3	3	2	3	3	3	3	3	4	4	3	3	3	3	3	3	3	3	2	4	4	3	2	4	2	3
DM19194738		04/22/2019-00:08		2	4	3	4	2	3	2	3	4	3	3	4	3	3	3	3	2	4	3	3	3	3	4	4	4	4	3	3	3	3	3	3	3	3	2	3	3	3	3	3	3	3	3	3	3	2	3	3	4	4	4	4	4	4	3	3	3	3	3	3	3	3	4	4	2	3	3	2	3	4	3	3	2	4	4	4	2	4	2	3
DMS19191442		04/23/2019				2	1	2	1	4	2	4	2	4	4	4	3	4	4	4	2	4	3	5	3	4	2	4	4	4	2	4	4	1	2	3	3	5	3	5	3	4	4	4	3	3	3	3	2	4	3	5	3	5	4	4	2	4	2	4	3	4	2	4	4	5	3	5	3	4	2	4	4	3	3	3	4	4	3	5	4	4	3	3	3
DMS191941048	04/23/2019-07:47		4	4	4	4	4	4	4	4	2	2	4	4	5	5	5	4	5	4	3	5	4	4	5	3	5	3	5	4	3	3	3	3	5	3	5	3	5	3	5	2	4	1	4	3	5	4	5	4	5	3	5	4	5	4	5	3	4	4	5	4	5	3	5	4	3	3	3	3	2	3	4	3	5	4	3	3	5	4	2	2
DMS191941114	04/22/2019-11:34		4	3	4	4	4	4	3	3	3	3	3	3	4	2	3	3	3	3	3	3	4	2	3	3	4	4	2	2	3	3	3	3	4	2	3	3	3	3	2	2	4	4	2	2	2	2	3	3	4	3	3	2	3	2	3	3	3	3	3	3	3	3	3	3	3	2	4	2	2	2	2	2	3	1	2	2	3	2	4	3
DMS191941256	04/26/2019-20:28pm		3	3	3	3	3	3	3	3	3	3	2	2	2	2	2	2	2	2	2	2	1	1	3	3	3	3	3	3	2	2	2	2	2	2	4	4	4	4	3	3	2	2	2	2	3	3	2	2	4	4	2	2	2	2	3	3	2	2	3	3	3	3	3	3	3	3	2	2	3	3	2	2	3	3	2	2	3	3	2	2
DMS19194712		04/19/2019-1:12pm		2	3	3	3	3	3	3	2	4	4	3	4	4	4	3	3	1	1	3	3	3	3	3	3	4	4	3	3	4	4	4	4	5	5	3	3	4	4	4	4	5	5	5	5	4	4	4	4	5	5	3	3	3	3	5	5	2	2	3	3	5	4	5	5	5	5	3	3	3	3	3	3	3	3	4	4	3	3	3	3
DMS19194721		04/19/2019-10:50		0	5	3	3	4	4	0	5	5	0	5	0	0	0	0	5	5	1	5	2	5	3	5	3	4	2	5	3	3	2	5	3	5	3	5	2	5	3	5	4	5	4	3	2	5	5	5	5	5	5	5	4	5	4	4	3	2	2	4	3	5	2	5	2	5	3	3	3	5	5	3	4	3	2	5	5	3	3	4	2