219318			0.1132028760  0.6719916526  0.5709936695  0.7492233035
218360			0.7565542755  0.6879609590  0.8552706630  0.8068656204
322022			0.1081503298  0.6691206551  0.5181683198  0.5841770481
322011			0.3929275807  0.7104769594  0.6300764383  0.8170963384
219706			0.8728273219  0.4937243448  0.7170322745  0.9795364066
4251301			0.9471269678  0.6165895328  0.8969480493  0.9211499590
4251302			0.8523322792  0.7522959538  0.7657218469  0.8654370220
4251303			0.5744300261  0.4740995036  0.7599060266  0.9905867470
4251304			0.2683117828  0.8177343728  0.7057207340  0.8095816974
4251305			0.5847022951  0.8724913765  0.8450305905  0.8202216872
4251306			0.5779300311  0.8632498981  0.8186590357  0.9773784277
4251307			0.5171937623  0.7956979425  0.6875695359  0.4825790587
4251308			0.3029896774  0.8119739393  0.7292736034  0.7590458283
4251309			0.5505950779  0.6486120814  0.7131139618  0.8050052937	
4251310			0.4608220503  0.6327635131  0.6471018552  0.9667745656
4251311			0.3266503548  0.5525879683  0.5828874460  0.7005796078
4251312			0.4101446990  0.3936417131  0.5067819921  0.7444980737
4251313			0.1156967330  0.6712341674  0.5515022535  0.5689251780
4251314			0.3468367261  0.3327459885  0.5112254192  0.7454282371
4251315			0.2877503040  0.8343974554  0.5892139779  0.6386585395
DM19194738		0.2461358015  0.3550148556  0.4624201680  0.7611378415
DMS191941048	0.3564245592  0.4617357942  0.5430473529  0.6436814216
DMS19194721		0.8631705388  0.7534327090  0.7740568563  0.6802888441
DMS191941034	0.2544691346  0.9129285424  0.5781319813  0.3799579301
DMS191941256	0.6379162793  0.7106464347  0.7687744921  0.5658742422
DM19194729		0.7221931056  0.6257707259  0.7072387066  0.7384706153
DMS191941114	0.1555915263  0.5310499280  0.4104208039  0.6855349654